,PUMA,AGEP,SEX,MSP,HISP,RAC1P,NOC,NPF,HOUSING_TYPE,OWN_RENT,DENSITY,INDP_CAT,EDU,PINCP_DECILE,DVET,DREM,DPHY,DEYE,DEAR
PUMA,-1.7763568394002505e-15,0.06520508619861284,0.0016457316925618803,0.026538754390017655,0.028540026282606514,0.03204075700313972,-0.05012346239726066,-0.003887091810680504,0.052269083452728266,-0.015624267014632268,0.024479161032098795,0.005609491945758345,0.007180343101875028,0.015895318115407397,0.017122828794432027,-0.009238076737277365,-0.010084758152818236,-0.0315449176411627,-0.012747647760177262
AGEP,0.06520508619861284,-8.881784197001252e-16,0.0033126691611681247,-0.07812760614474114,0.047471148238474245,0.03340141840888774,0.07232545308535648,0.13102274519197826,-0.05210971348564128,0.0854690486641706,-0.06738152043458567,0.10674314010019822,-0.0894066387583432,-0.07671377384939004,-0.11842328704479765,-0.0819049026753143,-0.0692454113676195,0.06445684053711405,0.12632417955502734
SEX,0.0016457316925618803,0.0033126691611681247,9.992007221626409e-16,-0.014728201132875892,-0.018786047713178728,0.03150369241322528,0.026921831532192582,0.033635473874781247,0.08045433010026963,-0.029271814262022546,0.0017393956946995665,0.027848651747115084,0.004731922876372599,0.00015384699811568647,0.07806928828316458,-0.05487096315782047,-0.03997026541447313,-0.00046778230531259284,-0.03389584420740745
MSP,0.026538754390017655,-0.07812760614474114,-0.014728201132875892,0.0,0.0020641283077171627,0.03226364541431028,0.026427022564514124,0.11049624699490024,0.008551810231388263,-0.07349879252069436,-0.03133172674010952,-0.04170725884009982,-0.04885163425752598,-0.07667565132190629,-0.0014002947045502739,-0.045144308443874764,-0.03668335433387193,0.05137423576395458,0.0111014307456218
HISP,0.028540026282606514,0.047471148238474245,-0.018786047713178728,0.0020641283077171627,3.3306690738754696e-16,-0.051770228783755534,-0.08443512924014714,0.016548134246965315,-0.03984990861742129,-0.04305615164798328,-0.027266107757787067,0.0005121747651460895,-0.018193370036346163,0.012157644692780828,0.02276206616719414,-0.042861332222597776,-0.05173329209966461,0.01401007918096571,-0.009001175857916025
RAC1P,0.03204075700313972,0.03340141840888774,0.03150369241322528,0.03226364541431028,-0.051770228783755534,1.1102230246251565e-16,0.020033186265342784,0.009819049384814323,-0.03395146053528938,0.00868248451946219,-0.03345878731753677,0.010273543317838547,0.023675561741374813,0.010292566471114775,-0.006070142849130469,0.020576215331375027,0.016894798796971224,-0.007595816543776307,0.005001266250119733
NOC,-0.05012346239726066,0.07232545308535648,0.026921831532192582,0.026427022564514124,-0.08443512924014714,0.020033186265342784,2.220446049250313e-15,-0.20023774775566372,0.0821111829318138,0.07560326319630742,0.06225640513261235,0.050362543975137786,0.07037630486813218,0.02121053614881796,0.0427813046902745,0.011097709288309499,-0.0028112292912503833,-0.03567416576681012,-0.06959138551410088
NPF,-0.003887091810680504,0.13102274519197826,0.033635473874781247,0.11049624699490024,0.016548134246965315,0.009819049384814323,-0.20023774775566372,0.0,0.0671882461427532,0.09056375405221445,0.015506139467156982,0.1129854294907495,0.09775078109238283,0.06168021830964593,0.0372241178363068,0.017744040983748502,-0.003525106888665905,-0.04496573941027053,-0.06918863094800767
HOUSING_TYPE,0.052269083452728266,-0.05210971348564128,0.08045433010026963,0.008551810231388263,-0.03984990861742129,-0.03395146053528938,0.0821111829318138,0.0671882461427532,0.0,-0.045984545209693306,-0.05305711202378417,-0.08515346890878818,-0.013280197396459352,-0.01848832494673827,0.014876377036034989,-0.011676063609333133,0.01958984189469477,0.028334264895763035,-0.006172842376684806
OWN_RENT,-0.015624267014632268,0.0854690486641706,-0.029271814262022546,-0.07349879252069436,-0.04305615164798328,0.00868248451946219,0.07560326319630742,0.09056375405221445,-0.045984545209693306,3.3306690738754696e-15,0.014123931493970638,-0.08532705958277707,-0.03569964169178921,-0.06064667463302681,-0.023739401272514254,-0.0060264315832492706,-0.0109167323054402,0.009014184459752526,-0.013291589260558595
DENSITY,0.024479161032098795,-0.06738152043458567,0.0017393956946995665,-0.03133172674010952,-0.027266107757787067,-0.03345878731753677,0.06225640513261235,0.015506139467156982,-0.05305711202378417,0.014123931493970638,4.3298697960381105e-15,-0.000761434564385528,-0.010597345616257373,-0.019826206793994793,-0.01750213658738623,0.009257831413944647,0.00951448199603716,0.03293164078067835,0.012855470896098405
INDP_CAT,0.005609491945758345,0.10674314010019822,0.027848651747115084,-0.04170725884009982,0.0005121747651460895,0.010273543317838547,0.050362543975137786,0.1129854294907495,-0.08515346890878818,-0.08532705958277707,-0.000761434564385528,3.774758283725532e-15,-0.04952653726206474,-0.010690344373661287,-0.056704322273539484,-0.05772927744470896,-0.041310183785135846,-0.01904568888869245,-0.02174696233844081
EDU,0.007180343101875028,-0.0894066387583432,0.004731922876372599,-0.04885163425752598,-0.018193370036346163,0.023675561741374813,0.07037630486813218,0.09775078109238283,-0.013280197396459352,-0.03569964169178921,-0.010597345616257373,-0.04952653726206474,0.0,-0.04328546962227786,-0.12826876835851259,-0.07924238337682105,-0.0679655557143845,-0.03222633009517958,0.04626398644582481
PINCP_DECILE,0.015895318115407397,-0.07671377384939004,0.00015384699811568647,-0.07667565132190629,0.012157644692780828,0.010292566471114775,0.02121053614881796,0.06168021830964593,-0.01848832494673827,-0.06064667463302681,-0.019826206793994793,-0.010690344373661287,-0.04328546962227786,-1.4432899320127035e-15,-0.13064119814882888,-0.07078770633326176,-0.05523092830173004,-0.04312953641766493,0.049538325973281415
DVET,0.017122828794432027,-0.11842328704479765,0.07806928828316458,-0.0014002947045502739,0.02276206616719414,-0.006070142849130469,0.0427813046902745,0.0372241178363068,0.014876377036034989,-0.023739401272514254,-0.01750213658738623,-0.056704322273539484,-0.12826876835851259,-0.13064119814882888,3.3306690738754696e-16,-0.05321759406068845,-0.04453715018761989,0.03704550308007832,0.1137948845227594
DREM,-0.009238076737277365,-0.0819049026753143,-0.05487096315782047,-0.045144308443874764,-0.042861332222597776,0.020576215331375027,0.011097709288309499,0.017744040983748502,-0.011676063609333133,-0.0060264315832492706,0.009257831413944647,-0.05772927744470896,-0.07924238337682105,-0.07078770633326176,-0.05321759406068845,0.0,-0.05220485881231374,-0.04303584471895856,0.04651012717642615
DPHY,-0.010084758152818236,-0.0692454113676195,-0.03997026541447313,-0.03668335433387193,-0.05173329209966461,0.016894798796971224,-0.0028112292912503833,-0.003525106888665905,0.01958984189469477,-0.0109167323054402,0.00951448199603716,-0.041310183785135846,-0.0679655557143845,-0.05523092830173004,-0.04453715018761989,-0.05220485881231374,0.0,-0.03635848287857251,0.08597569309633257
DEYE,-0.0315449176411627,0.06445684053711405,-0.00046778230531259284,0.05137423576395458,0.01401007918096571,-0.007595816543776307,-0.03567416576681012,-0.04496573941027053,0.028334264895763035,0.009014184459752526,0.03293164078067835,-0.01904568888869245,-0.03222633009517958,-0.04312953641766493,0.03704550308007832,-0.04303584471895856,-0.03635848287857251,5.551115123125783e-15,-0.09888343478598655
DEAR,-0.012747647760177262,0.12632417955502734,-0.03389584420740745,0.0111014307456218,-0.009001175857916025,0.005001266250119733,-0.06959138551410088,-0.06918863094800767,-0.006172842376684806,-0.013291589260558595,0.012855470896098405,-0.02174696233844081,0.04626398644582481,0.049538325973281415,0.1137948845227594,0.04651012717642615,0.08597569309633257,-0.09888343478598655,4.773959005888173e-15
